agreementNumber
SFI987654321
